1 0.02578125 0.8015625 0.03203125 0.03125
1 0.09921875 0.83359375 0.03984375 0.04375
1 0.28203125 0.7390625 0.0375 0.0375
1 0.27109375 0.81953125 0.04375 0.046875
1 0.34375 0.65703125 0.0453125 0.04375
1 0.38828125 0.7546875 0.03984375 0.0375
1 0.41015625 0.83046875 0.04765625 0.05
1 0.4234375 0.63828125 0.04765625 0.0375
1 0.4578125 0.5140625 0.03203125 0.028125
1 0.47890625 0.5359375 0.03984375 0.034375
1 0.4546875 0.60390625 0.02578125 0.025
1 0.484375 0.56640625 0.021875 0.025
1 0.49609375 0.58203125 0.02578125 0.03125
1 0.47109375 0.65546875 0.03203125 0.021875
1 0.4921875 0.66796875 0.03359375 0.034375
1 0.52578125 0.4671875 0.02578125 0.040625
1 0.53359375 0.49375 0.02578125 0.025
1 0.52890625 0.54375 0.03203125 0.03125
1 0.49609375 0.62265625 0.02578125 0.03125
1 0.53046875 0.60078125 0.02734375 0.03125
1 0.74453125 0.4578125 0.0359375 0.028125
1 0.8109375 0.4609375 0.04921875 0.046875
1 0.89765625 0.37578125 0.0296875 0.034375
1 0.95546875 0.41640625 0.0375 0.040625
1 0.7546875 0.57890625 0.0359375 0.025
1 0.89375 0.4671875 0.03359375 0.034375