1 0.19765625 0.54921875 0.07109375 0.0578125
1 0.240625 0.309375 0.03671875 0.03671875
1 0.29140625 0.14375 0.028125 0.03984375
1 0.33828125 0.14375 0.028125 0.03984375
1 0.28828125 0.2109375 0.0265625 0.03671875
1 0.309375 0.23984375 0.03203125 0.03671875
1 0.2984375 0.3109375 0.0421875 0.0328125
1 0.30703125 0.36171875 0.03828125 0.04765625
1 0.32421875 0.56171875 0.05234375 0.03984375
1 0.38046875 0.53984375 0.0484375 0.04765625
1 0.346875 0.4203125 0.0265625 0.0328125
1 0.35234375 0.47421875 0.03671875 0.0328125
1 0.42734375 0.52578125 0.05703125 0.03984375
1 0.44765625 0.57109375 0.0609375 0.03671875
1 0.47265625 0.18203125 0.03046875 0.02890625
1 0.475 0.2015625 0.02265625 0.0328125
1 0.475 0.24921875 0.03046875 0.0328125
1 0.4703125 0.278125 0.034375 0.03984375
1 0.52265625 0.28203125 0.04453125 0.06171875
1 0.47265625 0.36015625 0.03046875 0.04375
1 0.4703125 0.39609375 0.03828125 0.04375
1 0.61171875 0.234375 0.028125 0.03984375
1 0.60625 0.3015625 0.034375 0.05078125
1 0.59140625 0.47265625 0.0609375 0.0578125
1 0.51484375 0.54375 0.0265625 0.0328125
1 0.70859375 0.4546875 0.03671875 0.05078125
1 0.6703125 0.0875 0.0203125 0.021875
1 0.6671875 0.11484375 0.02265625 0.0328125
1 0.6703125 0.16171875 0.0203125 0.02578125
1 0.6703125 0.2578125 0.02421875 0.02890625
1 0.64296875 0.33125 0.01796875 0.02890625
1 0.6609375 0.34375 0.0265625 0.0328125
1 0.6578125 0.38359375 0.03671875 0.0328125
1 0.75234375 0.34375 0.034375 0.03984375
1 0.74921875 0.38359375 0.03203125 0.03984375
1 0.83984375 0.36328125 0.03671875 0.05078125
1 0.796875 0.41640625 0.03828125 0.06875
1 0.65703125 0.521875 0.034375 0.0546875
1 0.69609375 0.5578125 0.0484375 0.03984375
1 0.73671875 0.52734375 0.040625 0.04375
1 0.80078125 0.51796875 0.046875 0.04765625
1 0.71484375 0.609375 0.0609375 0.04765625
1 0.96328125 0.35625 0.040625 0.0578125
1 0.95546875 0.4765625 0.03203125 0.05078125
1 0.81796875 0.13984375 0.02421875 0.04765625
1 0.8734375 0.23828125 0.03046875 0.03984375