1 0.2484375 0.39140625 0.03984375 0.0578125
1 0.04921875 0.384375 0.021875 0.05
1 0.1046875 0.490625 0.053125 0.046875
1 0.07578125 0.53828125 0.03984375 0.0421875
1 0.2984375 0.46171875 0.04296875 0.0421875
1 0.21171875 0.49453125 0.03671875 0.0390625
1 0.23046875 0.44453125 0.03515625 0.034375
1 0.18046875 0.55390625 0.03671875 0.03125
1 0.2640625 0.55625 0.0265625 0.03125
1 0.30390625 0.546875 0.0328125 0.0390625
1 0.7046875 0.384375 0.04140625 0.05546875
1 0.7375 0.4 0.03515625 0.05
1 0.7328125 0.51328125 0.07109375 0.0921875
1 0.8328125 0.40546875 0.0484375 0.05546875
1 0.79609375 0.45 0.03984375 0.05
1 0.7890625 0.56328125 0.05625 0.04453125
1 0.80078125 0.49765625 0.053125 0.05546875
1 0.86484375 0.46953125 0.06640625 0.05234375
1 0.903125 0.42265625 0.03984375 0.06328125
1 0.94609375 0.459375 0.0546875 0.06328125
1 0.87578125 0.5484375 0.1 0.0578125
1 0.3484375 0.4203125 0.0328125 0.0421875
1 0.4109375 0.4515625 0.03125 0.03671875
1 0.35859375 0.53515625 0.03515625 0.03125