1 0.575 0.2390625 0.01015625 0.05703125
1 0.5875 0.1953125 0.0171875 0.0375
1 0.6078125 0.19140625 0.01875 0.0390625
1 0.615625 0.4171875 0.0171875 0.10234375
1 0.609375 0.26484375 0.0109375 0.0375
1 0.6453125 0.19765625 0.01875 0.0359375
1 0.62421875 0.30703125 0.0125 0.04375
1 0.63984375 0.29296875 0.0109375 0.0515625
1 0.64765625 0.32109375 0.01015625 0.0484375
1 0.65859375 0.35 0.0125 0.06171875
1 0.68359375 0.24765625 0.0109375 0.0484375
1 0.68984375 0.2125 0.0109375 0.0453125
1 0.671875 0.4265625 0.0140625 0.06484375
1 0.65703125 0.43515625 0.0078125 0.06953125
1 0.6765625 0.359375 0.0140625 0.05
1 0.7515625 0.23046875 0.0125 0.0453125
1 0.690625 0.4 0.01015625 0.08125
1 0.7203125 0.4984375 0.0125 0.04375
1 0.70625 0.4546875 0.0109375 0.05
1 0.71328125 0.31171875 0.01640625 0.06953125
1 0.7625 0.40546875 0.0171875 0.05546875
1 0.790625 0.32109375 0.0125 0.07421875
1 0.8078125 0.371875 0.01328125 0.06953125
1 0.771875 0.47734375 0.0125 0.06328125
1 0.76640625 0.3359375 0.0171875 0.053125
1 0.72890625 0.396875 0.01328125 0.0453125
1 0.696875 0.54296875 0.0171875 0.07421875
1 0.2140625 0.8203125 0.015625 0.07109375
1 0.190625 0.71796875 0.0125 0.0390625
1 0.25859375 0.79921875 0.0109375 0.05859375
1 0.2359375 0.7734375 0.01640625 0.0515625
1 0.27578125 0.884375 0.01015625 0.040625
1 0.31484375 0.759375 0.0109375 0.053125
1 0.25546875 0.70703125 0.01640625 0.05546875
1 0.296875 0.81171875 0.01015625 0.0453125
1 0.31796875 0.828125 0.01875 0.0484375
1 0.2328125 0.703125 0.01640625 0.0421875
1 0.28515625 0.74765625 0.015625 0.05