3 0.171875 0.190625 0.05625 0.215625
3 0.3609375 0.140625 0.19921875 0.1703125
3 0.63046875 0.1828125 0.1453125 0.2203125
3 0.79375 0.196875 0.08203125 0.26875
3 0.165625 0.51875 0.0875 0.159375
3 0.32890625 0.50546875 0.078125 0.22578125
3 0.47890625 0.50234375 0.075 0.23125
3 0.640625 0.49921875 0.0703125 0.23125
3 0.73671875 0.503125 0.034375 0.25703125
3 0.8921875 0.5015625 0.06640625 0.190625
3 0.1515625 0.80546875 0.053125 0.25
3 0.31953125 0.8453125 0.15703125 0.190625
3 0.50078125 0.796875 0.09453125 0.2640625
3 0.75703125 0.759375 0.3265625 0.17890625